38 114
5 1 106
35 2 132
1 3 124
33 4 102
29 5 102
20 6 98
35 7 135
11 8 105
25 9 93
14 10 88
9 11 86
36 12 125
14 13 85
29 14 125
9 15 87
5 16 83
29 17 135
15 18 80
23 19 80
15 20 124
15 21 88
35 22 83
35 23 76
23 24 134
4 25 111
38 26 99
12 27 103
23 28 87
36 29 116
2 30 85
16 31 108
36 32 82
36 33 85
5 34 75
36 35 124
17 37 127
36 38 125
17 11 137
35 8 77
27 34 98
15 22 102
38 10 80
19 21 85
23 33 114
15 1 94
16 21 118
3 16 91
12 3 99
17 36 120
15 4 103
26 29 124
15 12 75
13 25 131
37 36 121
30 33 87
11 1 88
35 24 133
22 26 132
34 13 112
11 10 116
17 4 78
25 7 119
27 1 119
3 29 98
26 27 74
27 29 99
34 36 127
17 34 76
11 14 95
30 19 118
30 32 103
9 24 98
28 5 134
22 6 75
6 19 135
26 18 112
1 2 89
4 1 117
20 24 124
38 33 121
16 18 84
2 12 131
32 2 96
21 1 106
23 11 96
12 29 84
35 13 110
24 32 102
18 17 115
21 20 136
2 27 116
10 36 117
19 38 109
14 5 76
15 17 94
5 26 136
32 22 125
13 12 123
37 24 118
6 3 107
35 28 111
28 8 97
28 18 136
35 33 83
20 16 96
2 3 91
16 24 107
35 37 127
30 22 96
33 21 111
38 25 102
2 26 96
29 25 100
28 11 123

