48 118
43 1 82
38 2 80
4 3 86
39 4 71
25 5 78
3 6 73
40 7 70
7 8 81
5 9 70
38 10 82
37 11 79
25 12 80
5 13 75
3 14 86
23 15 81
3 16 77
42 17 81
4 18 77
26 19 88
9 20 74
45 21 79
26 22 72
9 23 81
16 24 79
39 26 82
40 27 71
39 28 84
1 29 88
48 30 87
7 31 83
16 32 88
38 33 82
30 34 80
20 35 87
16 36 87
4 37 76
25 38 74
5 39 81
39 40 78
48 41 84
19 42 71
4 43 71
47 44 80
25 45 87
29 46 78
43 47 85
4 48 70
7 45 87
14 44 75
15 14 78
12 17 74
42 47 74
11 3 77
6 41 75
45 44 86
42 22 75
20 41 73
19 6 77
1 38 72
28 3 83
38 19 75
44 35 79
44 28 77
40 9 73
20 22 82
6 11 86
24 21 72
31 46 85
45 11 86
16 13 74
40 12 79
14 41 76
10 29 74
35 26 85
26 25 77
20 25 81
12 38 72
18 5 80
2 13 72
2 10 87
16 22 86
9 17 74
37 20 86
1 42 83
44 12 73
16 6 87
46 48 79
10 34 80
17 26 84
39 45 84
48 37 75
44 4 88
8 4 88
9 14 81
29 6 85
46 19 79
39 33 72
27 9 71
12 43 72
34 38 84
43 24 79
34 14 77
20 36 73
13 20 87
3 2 75
44 41 82
42 6 73
47 32 72
5 4 78
17 25 84
2 24 88
46 43 80
46 20 74
1 46 75
40 24 75
31 21 77
20 42 84
26 8 71

