50 660
33 1 97
23 2 91
13 3 75
42 4 68
41 5 88
8 6 80
42 7 103
31 8 71
19 9 87
12 10 76
21 11 92
29 12 81
16 13 90
40 14 94
3 15 59
47 16 65
44 17 103
22 18 86
29 19 98
46 20 82
19 21 57
1 22 73
13 23 72
36 24 93
11 25 80
4 26 86
8 27 66
38 28 87
33 29 77
25 30 86
12 31 92
19 32 85
2 34 74
29 35 60
19 36 67
4 37 101
44 38 88
9 39 68
36 40 97
19 41 86
29 42 57
8 43 80
47 44 80
38 45 68
5 46 82
12 47 93
33 48 71
46 49 79
46 50 96
42 11 76
17 19 71
23 14 64
7 16 88
39 18 70
45 44 69
18 47 79
7 30 100
30 41 69
15 31 69
40 16 96
17 8 89
20 8 60
29 2 100
3 2 69
13 6 74
20 5 97
49 48 67
4 5 90
3 28 90
11 3 62
31 42 92
9 28 73
50 44 98
25 15 57
12 6 78
6 2 67
41 7 76
46 23 78
37 38 93
5 48 82
35 27 84
39 45 100
17 7 77
1 48 102
30 44 66
11 15 92
4 35 66
22 32 77
19 23 101
35 6 61
18 29 85
39 29 89
26 31 87
22 5 72
25 7 80
45 36 93
3 12 69
37 39 71
5 33 64
50 20 62
24 31 101
47 9 84
18 50 58
38 3 87
23 8 62
13 18 68
43 41 68
20 34 92
34 45 73
3 14 79
10 38 61
21 9 73
6 26 99
4 34 86
41 18 99
3 16 59
45 25 102
24 32 64
26 38 99
5 16 78
43 30 65
21 41 82
2 8 94
43 14 64
50 38 66
9 36 87
35 9 95
49 14 66
17 33 82
12 38 60
2 42 77
42 20 99
42 41 86
40 28 74
2 16 58
32 23 72
25 50 63
50 21 95
32 15 78
4 1 72
42 14 67
7 13 71
49 23 73
38 7 96
29 37 78
29 40 84
32 2 93
49 45 78
26 41 70
23 33 66
38 11 99
4 20 81
13 32 65
34 28 81
42 40 89
48 47 83
11 10 69
20 26 72
45 10 81
20 40 79
29 23 71
23 38 92
8 36 86
2 20 90
17 9 60
49 34 85
21 13 91
4 25 88
21 36 65
15 34 96
40 32 68
21 1 65
10 13 66
39 38 81
35 31 87
25 17 99
27 33 76
34 5 58
11 34 91
16 26 65
37 26 95
18 48 97
35 44 97
19 45 85
16 19 100
10 47 67
49 21 69
18 33 97
46 21 82
40 45 81
35 42 87
36 11 77
45 32 97
20 44 63
25 2 79
49 47 96
24 19 62
31 14 98
30 42 88
26 14 103
20 18 67
20 27 71
24 18 90
23 40 66
12 32 94
23 31 59
9 1 94
12 5 99
6 39 69
35 3 101
43 42 85
17 26 90
30 5 78
44 33 62
28 29 65
40 34 82
23 15 94
20 24 61
1 41 65
16 12 102
45 4 94
12 22 96
49 42 82
2 43 64
9 23 100
39 30 95
22 8 76
32 18 68
39 1 78
5 23 62
36 26 62
37 48 64
40 12 69
25 9 84
38 24 68
14 10 61
13 28 101
1 8 67
11 17 98
34 46 94
2 5 70
24 26 57
17 15 84
6 7 88
12 48 100
34 48 98
9 7 64
6 11 96
48 44 89
10 35 98
19 33 83
40 30 77
31 21 79
4 32 92
21 23 57
19 6 73
47 42 57
41 47 63
18 27 63
5 47 99
14 45 85
17 35 94
30 8 91
16 35 94
36 3 59
41 14 73
13 27 87
46 22 61
19 34 90
50 36 87
14 6 68
23 28 70
20 33 74
9 40 94
19 42 78
36 33 79
31 20 96
14 39 72
18 37 90
37 20 79
11 4 63
38 35 68
8 33 75
30 31 77
46 15 76
20 48 66
5 8 92
48 6 102
43 5 97
26 22 75
16 37 82
18 11 95
45 27 80
29 48 67
46 38 82
24 12 74
6 33 90
26 2 95
31 48 70
1 32 82
45 26 79
1 20 101
11 45 57
23 44 62
49 5 64
31 50 94
49 28 59
42 1 67
16 30 62
1 28 84
28 19 72
41 8 57
28 24 78
19 31 69
34 30 77
29 5 67
47 34 57
12 44 59
8 25 58
17 43 91
17 39 97
14 12 86
11 14 70
2 46 81
39 12 63
37 24 100
8 15 83
14 30 65
42 5 78
6 1 71
8 21 90
37 36 60
26 47 82
6 3 94
25 13 76
43 28 66
39 32 71
35 26 89
8 34 84
11 23 66
42 46 97
22 25 63
27 24 86
10 17 94
1 25 63
18 30 70
6 23 80
35 48 70
50 29 80
10 43 74
37 35 96
38 42 99
4 33 57
17 2 91
50 2 97
23 45 69
32 33 95
13 12 101
48 10 90
44 32 82
24 1 57
25 12 102
11 46 67
36 43 102
36 5 69
43 23 59
13 33 64
46 27 77
5 17 91
17 40 101
42 48 102
15 49 84
15 39 89
48 41 57
25 42 68
12 15 65
11 33 74
28 42 72
6 40 102
47 31 89
14 35 78
27 36 65
38 16 59
8 7 97
20 39 96
21 47 90
15 9 93
24 46 70
18 4 103
44 4 76
26 10 75
18 46 90
45 31 86
47 2 89
22 19 73
32 30 88
34 33 85
35 47 102
11 49 69
45 47 93
35 24 61
17 48 76
38 22 84
3 42 63
43 3 60
16 27 70
32 17 86
4 27 72
34 29 81
46 12 61
34 6 81
7 23 96
7 48 99
41 32 102
39 33 88
39 13 82
24 48 95
47 39 69
2 36 98
50 47 72
43 19 102
28 36 87
40 31 66
21 20 88
6 46 75
37 9 93
42 24 59
36 12 78
2 45 89
48 21 65
2 7 86
31 46 64
16 33 59
29 21 85
4 40 66
40 10 87
13 50 91
7 14 91
41 3 64
29 1 85
48 32 97
5 21 63
30 35 72
36 46 70
36 41 99
29 45 57
10 27 68
20 36 100
25 37 100
14 25 85
41 4 72
5 39 74
3 46 80
36 18 77
50 6 72
29 7 62
1 37 57
6 47 86
23 12 72
14 15 58
46 25 99
14 13 85
25 40 83
32 37 73
10 42 99
2 14 83
17 34 101
20 13 102
50 3 64
9 31 70
28 27 83
28 30 71
50 24 78
16 48 100
43 21 99
38 27 82
1 38 66
25 33 64
24 13 59
39 23 68
41 27 65
42 6 65
7 37 69
5 6 81
26 28 99
4 10 77
12 43 69
50 45 78
39 34 97
44 31 61
7 34 103
46 47 96
40 2 74
17 14 79
26 30 76
49 39 80
34 23 80
21 44 78
10 8 95
39 16 81
3 45 62
6 25 93
37 3 65
43 25 83
2 10 99
10 46 81
22 33 59
16 23 78
43 20 100
48 38 95
35 40 58
7 27 66
17 23 85
21 3 96
16 10 61
20 28 59
5 45 71
7 39 72
9 45 89
30 33 72
4 49 82
29 38 82
49 3 102
20 3 78
19 49 70
1 5 59
22 24 62
15 48 64
23 41 73
49 12 74
49 7 57
20 23 68
42 18 71
23 18 79
28 37 98
10 39 64
39 36 90
50 34 89
6 32 57
24 39 60
23 37 75
13 40 83
24 16 96
45 37 100
1 30 83
8 42 76
42 39 80
26 7 57
27 23 74
36 32 67
4 6 68
5 10 93
27 15 82
10 49 81
48 28 73
2 37 91
27 30 92
10 24 68
42 37 71
31 25 75
13 8 94
14 44 97
16 32 86
8 32 86
49 35 103
19 46 79
10 50 64
45 41 62
38 18 64
27 19 73
31 1 78
49 50 99
28 17 83
29 27 68
37 17 99
10 36 78
48 27 57
12 26 70
11 30 97
12 28 70
38 36 76
11 29 61
20 17 76
25 44 93
41 46 79
29 43 72
19 35 84
34 16 82
3 40 73
32 9 76
43 39 92
14 34 62
16 28 95
36 31 62
21 37 99
6 41 89
41 39 64
42 16 100
46 4 78
3 44 77
10 32 78
11 1 81
24 45 76
34 22 65
2 41 95
44 16 74
22 49 66
9 24 75
22 31 97
8 38 82
8 49 85
36 29 68
40 46 73
10 28 80
24 6 89
28 35 66
16 18 77
40 7 74
28 4 71
30 38 82
41 22 99
7 3 63
11 22 81
17 3 81
13 42 99
48 11 68
49 40 70
7 33 77
44 5 95
32 38 85
4 21 92
2 12 95
47 17 69
30 48 83
11 24 57
4 50 66
39 26 82
22 9 82
2 30 79
44 41 68
40 22 88
5 32 74
7 31 89
20 32 100
16 36 60
42 22 80
12 37 80
19 3 90
8 11 93
22 39 103
19 8 88
30 13 62
40 18 70
14 4 67
47 27 86
18 44 75
40 19 84
31 5 85
17 18 69
25 18 80

