100 380
27 1 1
76 2 1
75 3 1
74 4 1
75 5 1
76 6 1
51 7 1
12 8 1
41 9 1
46 10 1
14 11 1
95 12 1
14 13 1
62 14 1
71 15 1
76 16 1
49 17 1
84 18 1
5 19 1
40 20 1
29 21 1
29 22 1
65 23 1
11 24 1
74 25 1
17 26 1
99 27 1
62 28 1
76 29 1
94 30 1
49 31 1
44 32 1
93 33 1
97 34 1
62 35 1
76 36 1
14 37 1
6 38 1
52 39 1
34 40 1
80 41 1
19 42 1
92 43 1
15 44 1
79 45 1
58 46 1
75 47 1
5 48 1
62 49 1
62 50 1
15 51 1
40 52 1
100 53 1
58 54 1
72 55 1
78 56 1
19 57 1
37 58 1
52 59 1
47 60 1
51 61 1
26 63 1
77 64 1
51 65 1
10 66 1
70 67 1
32 68 1
97 69 1
29 70 1
29 71 1
35 72 1
36 73 1
72 74 1
17 75 1
62 76 1
100 77 1
76 78 1
95 79 1
78 80 1
31 81 1
81 82 1
19 83 1
27 84 1
88 85 1
46 86 1
49 87 1
99 88 1
6 89 1
97 90 1
5 91 1
72 92 1
91 93 1
27 94 1
49 95 1
99 96 1
78 97 1
2 98 1
37 99 1
95 100 1
39 2 1
88 29 1
42 91 1
71 54 1
47 99 1
81 92 1
39 87 1
15 61 1
50 35 1
32 85 1
53 94 1
84 20 1
88 30 1
67 73 1
83 93 1
37 17 1
84 83 1
41 4 1
36 100 1
95 91 1
20 75 1
39 58 1
90 76 1
72 5 1
29 55 1
17 22 1
49 22 1
39 35 1
85 73 1
4 71 1
28 74 1
40 63 1
78 67 1
63 65 1
92 73 1
87 97 1
26 14 1
8 76 1
6 99 1
21 98 1
99 68 1
65 41 1
55 12 1
84 12 1
69 26 1
9 26 1
47 34 1
21 91 1
61 43 1
86 37 1
40 37 1
30 37 1
58 66 1
34 6 1
5 10 1
87 51 1
35 79 1
52 56 1
21 62 1
89 78 1
5 43 1
53 9 1
4 42 1
50 29 1
75 26 1
96 65 1
83 87 1
58 95 1
81 86 1
30 64 1
90 28 1
94 36 1
42 51 1
2 24 1
53 17 1
42 66 1
59 56 1
35 78 1
4 69 1
82 26 1
42 12 1
84 62 1
100 56 1
85 62 1
83 55 1
3 40 1
57 18 1
7 95 1
21 22 1
24 41 1
52 11 1
32 43 1
38 31 1
83 38 1
59 2 1
20 45 1
93 58 1
27 39 1
40 94 1
5 74 1
96 74 1
67 77 1
13 46 1
38 99 1
61 81 1
51 79 1
87 8 1
16 44 1
74 70 1
89 22 1
79 97 1
75 7 1
53 89 1
25 85 1
33 28 1
7 20 1
68 33 1
90 41 1
60 58 1
55 19 1
86 21 1
40 85 1
34 96 1
38 35 1
94 18 1
59 79 1
9 85 1
34 88 1
9 28 1
22 20 1
64 95 1
34 60 1
51 64 1
18 23 1
3 10 1
3 53 1
80 71 1
34 28 1
79 30 1
21 97 1
74 52 1
67 44 1
73 98 1
91 32 1
64 31 1
81 22 1
38 92 1
13 68 1
100 30 1
91 23 1
58 68 1
23 7 1
23 94 1
64 33 1
16 95 1
2 48 1
22 79 1
85 84 1
25 53 1
92 76 1
33 26 1
94 99 1
48 64 1
14 28 1
84 4 1
92 19 1
100 63 1
33 47 1
84 38 1
37 56 1
28 50 1
98 23 1
18 4 1
2 18 1
72 76 1
79 78 1
41 20 1
33 75 1
69 58 1
52 17 1
25 62 1
90 44 1
76 59 1
5 82 1
59 62 1
57 76 1
83 74 1
85 17 1
31 12 1
36 5 1
100 76 1
6 71 1
46 94 1
61 86 1
43 34 1
67 2 1
31 22 1
14 74 1
18 40 1
37 35 1
36 41 1
53 51 1
66 78 1
25 32 1
8 2 1
40 59 1
87 82 1
50 4 1
80 85 1
82 41 1
59 43 1
57 72 1
17 33 1
84 3 1
23 51 1
78 9 1
8 95 1
21 77 1
47 43 1
48 69 1
24 32 1
76 63 1
32 72 1
38 63 1
83 56 1
3 94 1
76 3 1
29 94 1
42 99 1
26 83 1
6 23 1
82 29 1
14 84 1
99 55 1
19 90 1
61 34 1
89 93 1
15 39 1
48 57 1
66 14 1
17 51 1
51 71 1
22 32 1
21 78 1
54 17 1
60 36 1
50 7 1
68 1 1
59 23 1
16 25 1
44 78 1
41 58 1
2 26 1
80 30 1
13 16 1
49 33 1
66 30 1
33 1 1
9 5 1
63 74 1
30 15 1
35 85 1
19 8 1
29 62 1
16 59 1
45 84 1
81 51 1
11 76 1
59 31 1
31 42 1
1 66 1
1 8 1
51 76 1
45 10 1
87 64 1
44 22 1
15 55 1
36 43 1
66 4 1
97 88 1
9 57 1

